1	9;1	9;2	9;3	9;4	9;5																															
2	1;7	1;8	1;9	1;10	1;11	2;7	2;8	2;9	2;10	2;11	3;7	3;8	3;9	3;10	3;11	4;7	4;8	4;9	4;10	4;11	5;7	5;8	5;9	5;10	5;11											
3	1;7	1;8	1;9	1;10	1;11	2;7	2;8	2;9	2;10	2;11	3;7	3;8	3;9	3;10	3;11	4;7	4;8	4;9	4;10	4;11	5;7	5;8	5;9	5;10	5;11											
4	1;7	1;8	1;9	1;10	1;11	2;7	2;8	2;9	2;10	2;11	3;7	3;8	3;9	3;10	3;11	4;7	4;8	4;9	4;10	4;11	5;7	5;8	5;9	5;10	5;11											
5	10;1	10;2	10;3	10;4																																
6	9;1	9;2	9;3	9;4																																
7	9;2	9;3	9;4																																	
8	6;1	6;2	6;3	6;4	6;5	6;6	7;1	7;2	7;3	7;4	7;5	7;6	8;1	8;2	8;3	8;4	8;5	8;6	9;1	9;2	9;3	9;4	9;5	9;6	10;1	10;2	10;3	10;4	10;5	10;6	11;1	11;2	11;3	11;4	11;5	11;6
9	12;1	12;2	12;3																																	
10	6;1	6;2	6;3	6;4	6;5	6;6	7;1	7;2	7;3	7;4	7;5	7;6	8;1	8;2	8;3	8;4	8;5	8;6	9;1	9;2	9;3	9;4	9;5	9;6	10;1	10;2	10;3	10;4	10;5	10;6	11;1	11;2	11;3	11;4	11;5	11;6
11	6;1	6;2	6;3	6;4	6;5	6;6	7;1	7;2	7;3	7;4	7;5	7;6	8;1	8;2	8;3	8;4	8;5	8;6	9;1	9;2	9;3	9;4	9;5	9;6	10;1	10;2	10;3	10;4	10;5	10;6	11;1	11;2	11;3	11;4	11;5	11;6
12	6;1	6;2	6;3	6;4	6;5	6;6	7;1	7;2	7;3	7;4	7;5	7;6	8;1	8;2	8;3	8;4	8;5	8;6	9;1	9;2	9;3	9;4	9;5	9;6	10;1	10;2	10;3	10;4	10;5	10;6	11;1	11;2	11;3	11;4	11;5	11;6
13	1;1	1;2	1;3	1;4	1;5	1;6	2;1	2;2	2;3	2;4	2;5	2;6	3;1	3;2	3;3	3;4	3;5	3;6	4;1	4;2	4;3	4;4	4;5	4;6	5;1	5;2	5;3	5;4	5;5	5;6						
14	8;1	8;3																																		
15	12;1	12;2																																		
16	6;1	6;2	6;3	6;4	6;5	6;6	7;1	7;2	7;3	7;4	7;5	7;6	8;1	8;2	8;3	8;4	8;5	8;6	9;1	9;2	9;3	9;4	9;5	9;6	10;1	10;2	10;3	10;4	10;5	10;6	11;1	11;2	11;3	11;4	11;5	11;6
17	12;1	12;2																																		
18	12;1	12;3	12;4																																	
19	1;1	1;2	1;3	1;4	1;5	1;6	2;1	2;2	2;3	2;4	2;5	2;6	3;1	3;2	3;3	3;4	3;5	3;6	4;1	4;2	4;3	4;4	4;5	4;6	5;1	5;2	5;3	5;4	5;5	5;6						
20	1;7	1;8	1;9	1;10	1;11	2;7	2;8	2;9	2;10	2;11	3;7	3;8	3;9	3;10	3;11	4;7	4;8	4;9	4;10	4;11	5;7	5;8	5;9	5;10	5;11											
21	6;1	6;2	6;3	6;4	6;5	6;6	7;1	7;2	7;3	7;4	7;5	7;6	8;1	8;2	8;3	8;4	8;5	8;6	9;1	9;2	9;3	9;4	9;5	9;6	10;1	10;2	10;3	10;4	10;5	10;6	11;1	11;2	11;3	11;4	11;5	11;6
22	6;1	6;2	6;3	6;4	6;5	6;6	7;1	7;2	7;3	7;4	7;5	7;6	8;1	8;2	8;3	8;4	8;5	8;6	9;1	9;2	9;3	9;4	9;5	9;6	10;1	10;2	10;3	10;4	10;5	10;6	11;1	11;2	11;3	11;4	11;5	11;6
23	6;1	6;2	6;3	6;4	6;5	6;6	7;1	7;2	7;3	7;4	7;5	7;6	8;1	8;2	8;3	8;4	8;5	8;6	9;1	9;2	9;3	9;4	9;5	9;6	10;1	10;2	10;3	10;4	10;5	10;6	11;1	11;2	11;3	11;4	11;5	11;6
24	1;7	1;8	1;9	1;10	1;11	2;7	2;8	2;9	2;10	2;11	3;7	3;8	3;9	3;10	3;11	4;7	4;8	4;9	4;10	4;11	5;7	5;8	5;9	5;10	5;11											
25	1;1	1;2	1;3	1;4	1;5	1;6	2;1	2;2	2;3	2;4	2;5	2;6	3;1	3;2	3;3	3;4	3;5	3;6	4;1	4;2	4;3	4;4	4;5	4;6	5;1	5;2	5;3	5;4	5;5	5;6						
26	6;1	6;2	6;3	6;4	6;5	6;6	7;1	7;2	7;3	7;4	7;5	7;6	8;1	8;2	8;3	8;4	8;5	8;6	9;1	9;2	9;3	9;4	9;5	9;6	10;1	10;2	10;3	10;4	10;5	10;6	11;1	11;2	11;3	11;4	11;5	11;6
27	6;1	6;2	6;3	6;4	6;5	6;6	7;1	7;2	7;3	7;4	7;5	7;6	8;1	8;2	8;3	8;4	8;5	8;6	9;1	9;2	9;3	9;4	9;5	9;6	10;1	10;2	10;3	10;4	10;5	10;6	11;1	11;2	11;3	11;4	11;5	11;6
28	1;7	1;8	1;9	1;10	1;11	2;7	2;8	2;9	2;10	2;11	3;7	3;8	3;9	3;10	3;11	4;7	4;8	4;9	4;10	4;11	5;7	5;8	5;9	5;10	5;11											
29	6;1	6;2	6;3	6;4	6;5	6;6	7;1	7;2	7;3	7;4	7;5	7;6	8;1	8;2	8;3	8;4	8;5	8;6	9;1	9;2	9;3	9;4	9;5	9;6	10;1	10;2	10;3	10;4	10;5	10;6	11;1	11;2	11;3	11;4	11;5	11;6
30	1;1	1;2	1;3	1;4	1;5	1;6	2;1	2;2	2;3	2;4	2;5	2;6	3;1	3;2	3;3	3;4	3;5	3;6	4;1	4;2	4;3	4;4	4;5	4;6	5;1	5;2	5;3	5;4	5;5	5;6						
31	1;7	1;8	1;9	1;10	1;11	2;7	2;8	2;9	2;10	2;11	3;7	3;8	3;9	3;10	3;11	4;7	4;8	4;9	4;10	4;11	5;7	5;8	5;9	5;10	5;11											
32	1;1	1;2	1;3	1;4	1;5	1;6	2;1	2;2	2;3	2;4	2;5	2;6	3;1	3;2	3;3	3;4	3;5	3;6	4;1	4;2	4;3	4;4	4;5	4;6	5;1	5;2	5;3	5;4	5;5	5;6						
33	6;1	6;2	6;3	6;4	6;5	6;6	7;1	7;2	7;3	7;4	7;5	7;6	8;1	8;2	8;3	8;4	8;5	8;6	9;1	9;2	9;3	9;4	9;5	9;6	10;1	10;2	10;3	10;4	10;5	10;6	11;1	11;2	11;3	11;4	11;5	11;6
34	6;1	6;2	6;3	6;4	6;5	6;6	7;1	7;2	7;3	7;4	7;5	7;6	8;1	8;2	8;3	8;4	8;5	8;6	9;1	9;2	9;3	9;4	9;5	9;6	10;1	10;2	10;3	10;4	10;5	10;6	11;1	11;2	11;3	11;4	11;5	11;6
35	6;1	6;2	6;3	6;4	6;5	6;6	7;1	7;2	7;3	7;4	7;5	7;6	8;1	8;2	8;3	8;4	8;5	8;6	9;1	9;2	9;3	9;4	9;5	9;6	10;1	10;2	10;3	10;4	10;5	10;6	11;1	11;2	11;3	11;4	11;5	11;6
36	6;1	6;2	6;3	6;4	6;5	6;6	7;1	7;2	7;3	7;4	7;5	7;6	8;1	8;2	8;3	8;4	8;5	8;6	9;1	9;2	9;3	9;4	9;5	9;6	10;1	10;2	10;3	10;4	10;5	10;6	11;1	11;2	11;3	11;4	11;5	11;6
37	6;1	6;2	6;3	6;4	6;5	6;6	7;1	7;2	7;3	7;4	7;5	7;6	8;1	8;2	8;3	8;4	8;5	8;6	9;1	9;2	9;3	9;4	9;5	9;6	10;1	10;2	10;3	10;4	10;5	10;6	11;1	11;2	11;3	11;4	11;5	11;6
38	1;7	1;8	1;9	1;10	1;11	2;7	2;8	2;9	2;10	2;11	3;7	3;8	3;9	3;10	3;11	4;7	4;8	4;9	4;10	4;11	5;7	5;8	5;9	5;10	5;11											
39	6;1	6;2	6;3	6;4	6;5	6;6	7;1	7;2	7;3	7;4	7;5	7;6	8;1	8;2	8;3	8;4	8;5	8;6	9;1	9;2	9;3	9;4	9;5	9;6	10;1	10;2	10;3	10;4	10;5	10;6	11;1	11;2	11;3	11;4	11;5	11;6
40	12;1	12;2	12;3	12;4	12;5	12;6																														
41	6;7	6;8	6;9	6;10	6;11	7;7	7;8	7;9	7;10	7;11	8;7	8;8	8;9	8;10	8;11	9;7	9;8	9;9	9;10	9;11	10;7	10;8	10;9	10;10	10;11	11;7	11;8	11;9	11;10	11;11						
42	6;1	6;2	6;3	6;4	6;5	6;6	7;1	7;2	7;3	7;4	7;5	7;6	8;1	8;2	8;3	8;4	8;5	8;6	9;1	9;2	9;3	9;4	9;5	9;6	10;1	10;2	10;3	10;4	10;5	10;6	11;1	11;2	11;3	11;4	11;5	11;6
43	6;1	6;2	6;3	6;4	6;5	6;6	7;1	7;2	7;3	7;4	7;5	7;6	8;1	8;2	8;3	8;4	8;5	8;6	9;1	9;2	9;3	9;4	9;5	9;6	10;1	10;2	10;3	10;4	10;5	10;6	11;1	11;2	11;3	11;4	11;5	11;6
44	1;7	1;8	1;9	1;10	1;11	2;7	2;8	2;9	2;10	2;11	3;7	3;8	3;9	3;10	3;11	4;7	4;8	4;9	4;10	4;11	5;7	5;8	5;9	5;10	5;11											
45	1;7	1;8	1;9	1;10	1;11	2;7	2;8	2;9	2;10	2;11	3;7	3;8	3;9	3;10	3;11	4;7	4;8	4;9	4;10	4;11	5;7	5;8	5;9	5;10	5;11											
46	1;1	1;2	1;3	1;4	1;5	1;6	2;1	2;2	2;3	2;4	2;5	2;6	3;1	3;2	3;3	3;4	3;5	3;6	4;1	4;2	4;3	4;4	4;5	4;6	5;1	5;2	5;3	5;4	5;5	5;6						
47	2;11	5;11																																		
48	12;3	12;5																																		
49	6;1	6;2	6;3	6;4	6;5	6;6	7;1	7;2	7;3	7;4	7;5	7;6	8;1	8;2	8;3	8;4	8;5	8;6	9;1	9;2	9;3	9;4	9;5	9;6	10;1	10;2	10;3	10;4	10;5	10;6	11;1	11;2	11;3	11;4	11;5	11;6
50	1;7	1;8	1;9	1;10	1;11	2;7	2;8	2;9	2;10	2;11	3;7	3;8	3;9	3;10	3;11	4;7	4;8	4;9	4;10	4;11	5;7	5;8	5;9	5;10	5;11											
51	9;1	9;2	9;3	9;4	9;5																															
52	1;7	1;8	1;9	1;10	1;11	2;7	2;8	2;9	2;10	2;11	3;7	3;8	3;9	3;10	3;11	4;7	4;8	4;9	4;10	4;11	5;7	5;8	5;9	5;10	5;11											
53	1;7	1;8	1;9	1;10	1;11	2;7	2;8	2;9	2;10	2;11	3;7	3;8	3;9	3;10	3;11	4;7	4;8	4;9	4;10	4;11	5;7	5;8	5;9	5;10	5;11											
54	1;7	1;8	1;9	1;10	1;11	2;7	2;8	2;9	2;10	2;11	3;7	3;8	3;9	3;10	3;11	4;7	4;8	4;9	4;10	4;11	5;7	5;8	5;9	5;10	5;11											
55	10;1	10;2	10;3	10;4																																
56	9;1	9;2	9;3	9;4																																
57	9;2	9;3	9;4																																	
58	6;1	6;2	6;3	6;4	6;5	6;6	7;1	7;2	7;3	7;4	7;5	7;6	8;1	8;2	8;3	8;4	8;5	8;6	9;1	9;2	9;3	9;4	9;5	9;6	10;1	10;2	10;3	10;4	10;5	10;6	11;1	11;2	11;3	11;4	11;5	11;6
59	12;1	12;2	12;3																																	
60	6;1	6;2	6;3	6;4	6;5	6;6	7;1	7;2	7;3	7;4	7;5	7;6	8;1	8;2	8;3	8;4	8;5	8;6	9;1	9;2	9;3	9;4	9;5	9;6	10;1	10;2	10;3	10;4	10;5	10;6	11;1	11;2	11;3	11;4	11;5	11;6
61	6;1	6;2	6;3	6;4	6;5	6;6	7;1	7;2	7;3	7;4	7;5	7;6	8;1	8;2	8;3	8;4	8;5	8;6	9;1	9;2	9;3	9;4	9;5	9;6	10;1	10;2	10;3	10;4	10;5	10;6	11;1	11;2	11;3	11;4	11;5	11;6
62	6;1	6;2	6;3	6;4	6;5	6;6	7;1	7;2	7;3	7;4	7;5	7;6	8;1	8;2	8;3	8;4	8;5	8;6	9;1	9;2	9;3	9;4	9;5	9;6	10;1	10;2	10;3	10;4	10;5	10;6	11;1	11;2	11;3	11;4	11;5	11;6
63	1;1	1;2	1;3	1;4	1;5	1;6	2;1	2;2	2;3	2;4	2;5	2;6	3;1	3;2	3;3	3;4	3;5	3;6	4;1	4;2	4;3	4;4	4;5	4;6	5;1	5;2	5;3	5;4	5;5	5;6						
64	8;1	8;3																																		
65	12;1	12;2																																		
66	6;1	6;2	6;3	6;4	6;5	6;6	7;1	7;2	7;3	7;4	7;5	7;6	8;1	8;2	8;3	8;4	8;5	8;6	9;1	9;2	9;3	9;4	9;5	9;6	10;1	10;2	10;3	10;4	10;5	10;6	11;1	11;2	11;3	11;4	11;5	11;6
67	12;1	12;2																																		
68	12;1	12;3	12;4																																	
69	1;1	1;2	1;3	1;4	1;5	1;6	2;1	2;2	2;3	2;4	2;5	2;6	3;1	3;2	3;3	3;4	3;5	3;6	4;1	4;2	4;3	4;4	4;5	4;6	5;1	5;2	5;3	5;4	5;5	5;6						
70	1;7	1;8	1;9	1;10	1;11	2;7	2;8	2;9	2;10	2;11	3;7	3;8	3;9	3;10	3;11	4;7	4;8	4;9	4;10	4;11	5;7	5;8	5;9	5;10	5;11											
71	6;1	6;2	6;3	6;4	6;5	6;6	7;1	7;2	7;3	7;4	7;5	7;6	8;1	8;2	8;3	8;4	8;5	8;6	9;1	9;2	9;3	9;4	9;5	9;6	10;1	10;2	10;3	10;4	10;5	10;6	11;1	11;2	11;3	11;4	11;5	11;6
72	6;1	6;2	6;3	6;4	6;5	6;6	7;1	7;2	7;3	7;4	7;5	7;6	8;1	8;2	8;3	8;4	8;5	8;6	9;1	9;2	9;3	9;4	9;5	9;6	10;1	10;2	10;3	10;4	10;5	10;6	11;1	11;2	11;3	11;4	11;5	11;6
73	6;1	6;2	6;3	6;4	6;5	6;6	7;1	7;2	7;3	7;4	7;5	7;6	8;1	8;2	8;3	8;4	8;5	8;6	9;1	9;2	9;3	9;4	9;5	9;6	10;1	10;2	10;3	10;4	10;5	10;6	11;1	11;2	11;3	11;4	11;5	11;6
74	1;7	1;8	1;9	1;10	1;11	2;7	2;8	2;9	2;10	2;11	3;7	3;8	3;9	3;10	3;11	4;7	4;8	4;9	4;10	4;11	5;7	5;8	5;9	5;10	5;11											
75	1;1	1;2	1;3	1;4	1;5	1;6	2;1	2;2	2;3	2;4	2;5	2;6	3;1	3;2	3;3	3;4	3;5	3;6	4;1	4;2	4;3	4;4	4;5	4;6	5;1	5;2	5;3	5;4	5;5	5;6						
76	6;1	6;2	6;3	6;4	6;5	6;6	7;1	7;2	7;3	7;4	7;5	7;6	8;1	8;2	8;3	8;4	8;5	8;6	9;1	9;2	9;3	9;4	9;5	9;6	10;1	10;2	10;3	10;4	10;5	10;6	11;1	11;2	11;3	11;4	11;5	11;6
77	6;1	6;2	6;3	6;4	6;5	6;6	7;1	7;2	7;3	7;4	7;5	7;6	8;1	8;2	8;3	8;4	8;5	8;6	9;1	9;2	9;3	9;4	9;5	9;6	10;1	10;2	10;3	10;4	10;5	10;6	11;1	11;2	11;3	11;4	11;5	11;6
78	1;7	1;8	1;9	1;10	1;11	2;7	2;8	2;9	2;10	2;11	3;7	3;8	3;9	3;10	3;11	4;7	4;8	4;9	4;10	4;11	5;7	5;8	5;9	5;10	5;11											
79	6;1	6;2	6;3	6;4	6;5	6;6	7;1	7;2	7;3	7;4	7;5	7;6	8;1	8;2	8;3	8;4	8;5	8;6	9;1	9;2	9;3	9;4	9;5	9;6	10;1	10;2	10;3	10;4	10;5	10;6	11;1	11;2	11;3	11;4	11;5	11;6
80	1;1	1;2	1;3	1;4	1;5	1;6	2;1	2;2	2;3	2;4	2;5	2;6	3;1	3;2	3;3	3;4	3;5	3;6	4;1	4;2	4;3	4;4	4;5	4;6	5;1	5;2	5;3	5;4	5;5	5;6						
81	1;7	1;8	1;9	1;10	1;11	2;7	2;8	2;9	2;10	2;11	3;7	3;8	3;9	3;10	3;11	4;7	4;8	4;9	4;10	4;11	5;7	5;8	5;9	5;10	5;11											
82	1;1	1;2	1;3	1;4	1;5	1;6	2;1	2;2	2;3	2;4	2;5	2;6	3;1	3;2	3;3	3;4	3;5	3;6	4;1	4;2	4;3	4;4	4;5	4;6	5;1	5;2	5;3	5;4	5;5	5;6						
83	6;1	6;2	6;3	6;4	6;5	6;6	7;1	7;2	7;3	7;4	7;5	7;6	8;1	8;2	8;3	8;4	8;5	8;6	9;1	9;2	9;3	9;4	9;5	9;6	10;1	10;2	10;3	10;4	10;5	10;6	11;1	11;2	11;3	11;4	11;5	11;6
84	6;1	6;2	6;3	6;4	6;5	6;6	7;1	7;2	7;3	7;4	7;5	7;6	8;1	8;2	8;3	8;4	8;5	8;6	9;1	9;2	9;3	9;4	9;5	9;6	10;1	10;2	10;3	10;4	10;5	10;6	11;1	11;2	11;3	11;4	11;5	11;6
85	6;1	6;2	6;3	6;4	6;5	6;6	7;1	7;2	7;3	7;4	7;5	7;6	8;1	8;2	8;3	8;4	8;5	8;6	9;1	9;2	9;3	9;4	9;5	9;6	10;1	10;2	10;3	10;4	10;5	10;6	11;1	11;2	11;3	11;4	11;5	11;6
86	6;1	6;2	6;3	6;4	6;5	6;6	7;1	7;2	7;3	7;4	7;5	7;6	8;1	8;2	8;3	8;4	8;5	8;6	9;1	9;2	9;3	9;4	9;5	9;6	10;1	10;2	10;3	10;4	10;5	10;6	11;1	11;2	11;3	11;4	11;5	11;6
87	6;1	6;2	6;3	6;4	6;5	6;6	7;1	7;2	7;3	7;4	7;5	7;6	8;1	8;2	8;3	8;4	8;5	8;6	9;1	9;2	9;3	9;4	9;5	9;6	10;1	10;2	10;3	10;4	10;5	10;6	11;1	11;2	11;3	11;4	11;5	11;6
88	1;7	1;8	1;9	1;10	1;11	2;7	2;8	2;9	2;10	2;11	3;7	3;8	3;9	3;10	3;11	4;7	4;8	4;9	4;10	4;11	5;7	5;8	5;9	5;10	5;11											
89	6;1	6;2	6;3	6;4	6;5	6;6	7;1	7;2	7;3	7;4	7;5	7;6	8;1	8;2	8;3	8;4	8;5	8;6	9;1	9;2	9;3	9;4	9;5	9;6	10;1	10;2	10;3	10;4	10;5	10;6	11;1	11;2	11;3	11;4	11;5	11;6
90	12;1	12;2	12;3	12;4	12;5	12;6																														
91	6;7	6;8	6;9	6;10	6;11	7;7	7;8	7;9	7;10	7;11	8;7	8;8	8;9	8;10	8;11	9;7	9;8	9;9	9;10	9;11	10;7	10;8	10;9	10;10	10;11	11;7	11;8	11;9	11;10	11;11						
92	6;1	6;2	6;3	6;4	6;5	6;6	7;1	7;2	7;3	7;4	7;5	7;6	8;1	8;2	8;3	8;4	8;5	8;6	9;1	9;2	9;3	9;4	9;5	9;6	10;1	10;2	10;3	10;4	10;5	10;6	11;1	11;2	11;3	11;4	11;5	11;6
93	6;1	6;2	6;3	6;4	6;5	6;6	7;1	7;2	7;3	7;4	7;5	7;6	8;1	8;2	8;3	8;4	8;5	8;6	9;1	9;2	9;3	9;4	9;5	9;6	10;1	10;2	10;3	10;4	10;5	10;6	11;1	11;2	11;3	11;4	11;5	11;6
94	1;7	1;8	1;9	1;10	1;11	2;7	2;8	2;9	2;10	2;11	3;7	3;8	3;9	3;10	3;11	4;7	4;8	4;9	4;10	4;11	5;7	5;8	5;9	5;10	5;11											
95	1;7	1;8	1;9	1;10	1;11	2;7	2;8	2;9	2;10	2;11	3;7	3;8	3;9	3;10	3;11	4;7	4;8	4;9	4;10	4;11	5;7	5;8	5;9	5;10	5;11											
96	1;1	1;2	1;3	1;4	1;5	1;6	2;1	2;2	2;3	2;4	2;5	2;6	3;1	3;2	3;3	3;4	3;5	3;6	4;1	4;2	4;3	4;4	4;5	4;6	5;1	5;2	5;3	5;4	5;5	5;6						
97	2;11	5;11																																		
98	12;3	12;5																																		
99	6;1	6;2	6;3	6;4	6;5	6;6	7;1	7;2	7;3	7;4	7;5	7;6	8;1	8;2	8;3	8;4	8;5	8;6	9;1	9;2	9;3	9;4	9;5	9;6	10;1	10;2	10;3	10;4	10;5	10;6	11;1	11;2	11;3	11;4	11;5	11;6
100	1;7	1;8	1;9	1;10	1;11	2;7	2;8	2;9	2;10	2;11	3;7	3;8	3;9	3;10	3;11	4;7	4;8	4;9	4;10	4;11	5;7	5;8	5;9	5;10	5;11