-------------1-------------
0 -4797 294 5 91
1 -3797 294 4 91
2 -3791 298 4 89
3 -3785 302 4 87
4 -3780 307 4 87
5 -3776 311 4 87
6 -3773 311 4 84
7 -3771 313 4 84
8 -3769 313 4 82
9 -2774 309 3 83
10 -2772 309 3 81
11 -2770 309 3 79
12 -2768 313 3 81
13 -2766 313 3 79
14 -2764 313 3 77
15 -2762 315 3 77
16 -2760 319 3 79
17 -2758 319 3 77
18 -2757 319 3 76
19 -2756 319 3 75
20 -2755 319 3 74
21 -2754 319 3 73
22 -2753 319 3 72
23 -2752 320 3 72
24 -2751 320 3 71
25 -2750 321 3 71
26 -2749 321 3 70
27 -2749 321 3 70
28 -2749 321 3 70
-------------2-------------
0 -1810 281 2 91
1 -1804 285 2 89
2 -1796 293 2 89
3 -1792 297 2 89
4 -1788 300 2 88
5 -787 300 1 87
6 211 300 0 89
7 214 302 0 88
8 217 305 0 88
9 220 305 0 85
10 224 309 0 85
11 227 313 0 86
12 230 316 0 86
13 233 317 0 84
14 235 321 0 86
15 237 321 0 84
16 238 321 0 83
17 239 321 0 82
18 240 321 0 81
19 241 321 0 80
20 242 322 0 80
21 243 322 0 79
22 243 322 0 79
23 243 322 0 79
-------------3-------------
0 -4812 285 5 97
1 -2811 285 3 96
2 -2805 290 3 95
3 -2800 292 3 92
4 -2795 296 3 91
5 -2790 300 3 90
6 -2786 304 3 90
7 -2783 307 3 90
8 -2780 311 3 91
9 -2777 312 3 89
10 -2775 312 3 87
11 -2773 314 3 87
12 -2771 318 3 89
13 -2769 320 3 89
14 -2764 320 3 84
15 -2763 320 3 83
16 -2762 320 3 82
17 -2761 320 3 81
18 -2760 320 3 80
19 -2759 320 3 79
20 -2758 320 3 78
21 -2757 321 3 78
22 -2756 321 3 77
23 -2755 321 3 76
24 -2754 321 3 75
25 -2753 322 3 75
26 -2752 322 3 74
27 -2752 322 3 74
28 -2752 322 3 74
-------------4-------------
0 -7802 296 8 98
1 -6801 296 7 97
2 -5800 296 6 96
3 -4798 296 5 94
4 -3798 296 4 94
5 -2798 296 3 94
6 -2792 302 3 94
7 -2787 306 3 93
8 -2783 306 3 89
9 -1783 306 2 89
10 -1779 311 2 90
11 -1776 315 2 91
12 -776 315 1 91
13 -772 315 1 87
14 -769 318 1 87
15 -766 320 1 86
16 -764 323 1 87
17 -762 323 1 85
18 -760 323 1 83
19 -759 323 1 82
20 -757 323 1 80
21 -756 323 1 79
22 -755 323 1 78
23 -754 323 1 77
24 -753 325 1 78
25 -751 325 1 76
26 -751 325 1 76
27 -751 325 1 76
-------------5-------------
0 -2808 285 3 93
1 -2802 289 3 91
2 -2797 293 3 90
3 -2792 296 3 88
4 -2788 299 3 87
5 -2784 303 3 87
6 -2780 306 3 86
7 -2777 306 3 83
8 -2774 310 3 84
9 -2771 313 3 84
10 -2768 317 3 85
11 -2765 317 3 82
12 -2762 321 3 83
13 -2760 321 3 81
14 -2758 324 3 82
15 -2756 324 3 80
16 -2753 327 3 80
17 -2751 327 3 78
18 -2750 327 3 77
19 -2749 327 3 76
20 -1749 327 2 76
21 -1748 327 2 75
22 -1747 327 2 74
23 -1746 327 2 73
24 -1745 327 2 72
25 -1745 327 2 72
26 -1745 327 2 72
-------------6-------------
0 -3810 282 4 92
1 -3803 286 4 89
2 -2802 286 3 88
3 -2796 290 3 86
4 -2791 293 3 84
5 -2786 297 3 83
6 -2782 302 3 84
7 -2779 305 3 84
8 -2776 306 3 82
9 -2774 306 3 80
10 -2772 309 3 81
11 -2770 310 3 80
12 -2768 311 3 79
13 -2766 311 3 77
14 -2764 311 3 75
15 -2762 311 3 73
16 -2760 311 3 71
17 -1760 311 2 71
18 -1758 313 2 71
19 -1757 313 2 70
20 -759 313 1 72
21 -757 313 1 70
22 -756 313 1 69
23 -755 313 1 68
24 -754 313 1 67
25 -752 314 1 66
26 -751 314 1 65
27 -750 314 1 64
28 -749 314 1 63
29 -748 314 1 62
30 -747 314 1 61
31 -747 314 1 61
32 -747 314 1 61
-------------7-------------
0 -5807 285 6 92
1 -4805 287 5 92
2 -3804 287 4 91
3 -2804 287 3 91
4 -2797 294 3 91
5 -2792 298 3 90
6 -2788 302 3 90
7 -2784 306 3 90
8 -2780 310 3 90
9 -2777 313 3 90
10 -2774 316 3 90
11 -2771 316 3 87
12 -2768 320 3 88
13 -2765 324 3 89
14 -2762 324 3 86
15 -1764 324 2 88
16 -1762 327 2 89
17 -1757 330 2 87
18 -1755 329 2 84
19 -1753 329 2 82
20 -1752 329 2 81
21 -1750 329 2 79
22 -1746 332 2 78
23 -1745 332 2 77
24 -1744 332 2 76
25 -1743 332 2 75
26 -1742 332 2 74
27 -1741 332 2 73
28 -1741 332 2 73
29 -1741 332 2 73
-------------8-------------
0 -5791 286 6 77
1 -4790 286 5 76
2 -3790 286 4 76
3 -2791 286 3 77
4 -2785 290 3 75
5 -2780 294 3 74
6 -2775 298 3 73
7 -2772 301 3 73
8 -2770 302 3 72
9 -2768 302 3 70
10 -2766 302 3 68
11 -2764 306 3 70
12 -2761 310 3 71
13 -2759 312 3 71
14 -2757 312 3 69
15 -2752 316 3 68
16 -2751 316 3 67
17 -2750 316 3 66
18 -2749 316 3 65
19 -2748 316 3 64
20 -2747 316 3 63
21 -2746 316 3 62
22 -2746 316 3 62
23 -2746 316 3 62
-------------9-------------
0 -1793 292 2 85
1 -1787 296 2 83
2 -1781 300 2 81
3 -1777 303 2 80
4 -1773 307 2 80
5 -1770 310 2 80
6 -1767 310 2 77
7 -767 310 1 77
8 -765 310 1 75
9 -763 310 1 73
10 -761 312 1 73
11 -759 312 1 71
12 -758 312 1 70
13 -757 312 1 69
14 -753 315 1 68
15 -752 315 1 67
16 -751 316 1 67
17 -750 316 1 66
18 -749 316 1 65
19 -748 316 1 64
20 -744 320 1 64
21 -743 321 1 64
22 -742 321 1 63
23 -741 321 1 62
24 -740 321 1 61
25 -740 321 1 61
26 -740 321 1 61
-------------10-------------
0 -5802 292 6 94
1 -4798 295 5 93
2 -4790 299 5 89
3 -4784 303 5 87
4 -4780 307 5 87
5 -4776 311 5 87
6 -4773 314 5 87
7 -4770 316 5 86
8 -4768 319 5 87
9 -4766 319 5 85
10 -4764 319 5 83
11 -4762 319 5 81
12 -4760 321 5 81
13 -4758 321 5 79
14 -4757 321 5 78
15 -4755 323 5 78
16 -4754 324 5 78
17 -4753 324 5 77
18 -4752 324 5 76
19 -4751 324 5 75
20 -4750 324 5 74
21 -4749 324 5 73
22 -4748 324 5 72
23 -4747 324 5 71
24 -4746 324 5 70
25 -4745 324 5 69
26 -4745 324 5 69
27 -4745 324 5 69
