-------------1-------------
0 -4784 305 5 89
1 -3782 307 4 89
2 -2781 307 3 88
3 -1781 305 2 86
4 -1774 311 2 85
5 -1770 313 2 83
6 -1766 317 2 83
7 -1762 321 2 83
8 -1758 323 2 81
9 -1755 323 2 78
10 -1752 323 2 75
11 -1749 323 2 72
12 -753 323 1 76
13 -750 326 1 76
14 -747 326 1 73
15 -744 326 1 70
16 -741 326 1 67
17 -739 326 1 65
18 -737 328 1 65
19 -735 328 1 63
20 -733 328 1 61
21 -731 328 1 59
22 -729 328 1 57
23 -727 328 1 55
24 -725 328 1 53
25 -723 329 1 52
26 -721 329 1 50
27 -719 329 1 48
28 -718 329 1 47
29 -717 329 1 46
30 -716 329 1 45
31 -715 330 1 45
32 -714 331 1 45
33 -713 331 1 44
34 -712 331 1 43
35 -711 331 1 42
36 -710 331 1 41
37 -709 331 1 40
38 285 327 0 42
39 286 329 0 43
40 287 329 0 42
41 288 329 0 41
42 289 329 0 40
43 290 329 0 39
44 291 329 0 38
45 292 331 0 39
46 293 331 0 38
47 294 332 0 38
48 295 333 0 38
49 296 333 0 37
50 297 333 0 36
51 298 334 0 36
52 299 334 0 35
53 300 334 0 34
54 300 334 0 34
55 300 334 0 34
-------------2-------------
0 -3797 287 4 84
1 -2796 287 3 83
2 -1795 287 2 82
3 -1790 291 2 81
4 -1786 295 2 81
5 -1782 295 2 77
6 -1778 298 2 76
7 -1774 302 2 76
8 -1770 306 2 76
9 -1766 310 2 76
10 -1763 314 2 77
11 -1760 317 2 77
12 -1757 319 2 76
13 -1754 322 2 76
14 -1751 322 2 73
15 -1748 325 2 73
16 -1746 325 2 71
17 -1744 325 2 69
18 -1742 325 2 67
19 -1738 326 2 64
20 -1736 326 2 62
21 -1734 326 2 60
22 -739 326 1 65
23 -736 326 1 62
24 -734 326 1 60
25 263 326 0 63
26 264 326 0 62
27 265 329 0 64
28 266 329 0 63
29 267 329 0 62
30 268 329 0 61
31 269 329 0 60
32 270 329 0 59
33 271 329 0 58
34 272 329 0 57
35 273 329 0 56
36 274 329 0 55
37 275 329 0 54
38 276 329 0 53
39 277 329 0 52
40 278 329 0 51
41 279 329 0 50
42 279 329 0 50
43 279 329 0 50
-------------3-------------
0 -1799 287 2 86
1 -798 287 1 85
2 -790 293 1 83
3 -784 297 1 81
4 -779 301 1 80
5 -775 305 1 80
6 -771 309 1 80
7 -768 312 1 80
8 -765 312 1 77
9 -762 312 1 74
10 -759 312 1 71
11 -757 314 1 71
12 -755 314 1 69
13 -753 318 1 71
14 -751 322 1 73
15 -749 322 1 71
16 -747 324 1 71
17 -743 328 1 71
18 -741 328 1 69
19 -739 328 1 67
20 -737 328 1 65
21 -735 328 1 63
22 -733 328 1 61
23 -730 331 1 61
24 -729 331 1 60
25 -727 331 1 58
26 -726 333 1 59
27 -725 333 1 58
28 -724 333 1 57
29 -723 334 1 57
30 -722 334 1 56
31 -721 334 1 55
32 -720 334 1 54
33 -719 334 1 53
34 -718 334 1 52
35 -717 334 1 51
36 -716 334 1 50
37 281 334 0 53
38 283 334 0 51
39 284 334 0 50
40 285 338 0 53
41 287 338 0 51
42 288 338 0 50
43 289 338 0 49
44 290 338 0 48
45 291 338 0 47
46 292 338 0 46
47 293 340 0 47
48 294 341 0 47
49 294 341 0 47
50 294 341 0 47
-------------4-------------
0 -10784 305 11 89
1 -8783 305 9 88
2 -6782 305 7 87
3 -5776 309 6 85
4 -4772 311 5 83
5 -3769 311 4 80
6 -2768 311 3 79
7 -2761 315 3 76
8 -2756 319 3 75
9 -2752 323 3 75
10 -2749 327 3 76
11 -2746 329 3 75
12 -2743 332 3 75
13 -2741 332 3 73
14 -2739 332 3 71
15 -2737 332 3 69
16 -2735 332 3 67
17 -2733 334 3 67
18 -2731 334 3 65
19 -2730 334 3 64
20 -2729 334 3 63
21 -2728 334 3 62
22 -2727 334 3 61
23 -2726 334 3 60
24 -2725 334 3 59
25 -2723 334 3 57
26 -2721 336 3 57
27 -2719 337 3 56
28 -2718 337 3 55
29 -1718 337 2 55
30 -1717 337 2 54
31 -1716 337 2 53
32 -1715 337 2 52
33 -1714 338 2 52
34 -1713 338 2 51
35 -714 338 1 52
36 281 334 0 53
37 283 336 0 53
38 284 336 0 52
39 285 336 0 51
40 286 336 0 50
41 286 336 0 50
42 286 336 0 50
-------------5-------------
0 -4814 281 5 95
1 -3812 281 4 93
2 -2810 281 3 91
3 -1810 281 2 91
4 -810 281 1 91
5 -803 285 1 88
6 -797 289 1 86
7 -792 293 1 85
8 -787 297 1 84
9 -783 301 1 84
10 -780 304 1 84
11 -777 306 1 83
12 -774 310 1 84
13 -771 313 1 84
14 -768 313 1 81
15 -765 313 1 78
16 -762 315 1 77
17 -760 317 1 77
18 -758 319 1 77
19 -756 321 1 77
20 -754 324 1 78
21 -752 324 1 76
22 -750 324 1 74
23 -748 324 1 72
24 -746 324 1 70
25 -744 324 1 68
26 -743 324 1 67
27 -742 324 1 66
28 -741 324 1 65
29 -739 324 1 63
30 260 324 0 64
31 261 324 0 63
32 263 324 0 61
33 265 324 0 59
34 266 325 0 59
35 268 325 0 57
36 269 325 0 56
37 270 325 0 55
38 271 325 0 54
39 272 325 0 53
40 273 325 0 52
41 275 325 0 50
42 276 325 0 49
43 277 325 0 48
44 278 326 0 48
45 279 328 0 49
46 280 328 0 48
47 281 328 0 47
48 282 328 0 46
49 283 328 0 45
50 283 328 0 45
51 283 328 0 45
-------------6-------------
0 -7802 288 8 90
1 -5796 292 6 88
2 -4790 295 5 85
3 -3788 295 4 83
4 -2787 295 3 82
5 -1787 295 2 82
6 -1781 300 2 81
7 -1775 304 2 79
8 -777 302 1 79
9 -773 305 1 78
10 -769 309 1 78
11 -765 313 1 78
12 -762 317 1 79
13 -759 317 1 76
14 -756 320 1 76
15 -753 322 1 75
16 -750 325 1 75
17 -748 325 1 73
18 -746 327 1 73
19 -744 329 1 73
20 -742 331 1 73
21 -739 334 1 73
22 -737 334 1 71
23 -735 334 1 69
24 -732 336 1 68
25 -730 336 1 66
26 266 332 0 66
27 268 333 0 65
28 270 333 0 63
29 272 335 0 63
30 274 335 0 61
31 276 335 0 59
32 278 335 0 57
33 279 336 0 57
34 280 336 0 56
35 281 337 0 56
36 282 337 0 55
37 283 337 0 54
38 284 337 0 53
39 285 337 0 52
40 286 337 0 51
41 287 337 0 50
42 288 337 0 49
43 289 337 0 48
44 290 337 0 47
45 291 337 0 46
46 292 337 0 45
47 292 337 0 45
48 292 337 0 45
-------------7-------------
0 -6802 293 7 95
1 -5798 293 6 91
2 -4796 293 5 89
3 -3795 293 4 88
4 -2794 293 3 87
5 -1793 293 2 86
6 -1785 299 2 84
7 -1779 303 2 82
8 -1774 307 2 81
9 -1770 309 2 79
10 -1766 312 2 78
11 -1762 316 2 78
12 -1759 318 2 77
13 -1756 318 2 74
14 -1754 320 2 74
15 -1752 322 2 74
16 -1750 324 2 74
17 -1748 324 2 72
18 -1746 324 2 70
19 -1744 326 2 70
20 -1742 326 2 68
21 -1740 326 2 66
22 -1738 326 2 64
23 -1736 326 2 62
24 -1735 326 2 61
25 -1734 326 2 60
26 -1732 326 2 58
27 -1731 326 2 57
28 -1730 326 2 56
29 -1729 326 2 55
30 -1728 326 2 54
31 -1727 329 2 56
32 -1726 329 2 55
33 -1725 329 2 54
34 -1724 329 2 53
35 -1723 329 2 52
36 -1722 329 2 51
37 -1721 329 2 50
38 -1720 329 2 49
39 -723 329 1 52
40 -722 329 1 51
41 -721 329 1 50
42 -720 331 1 51
43 -719 331 1 50
44 -718 332 1 50
45 -717 332 1 49
46 -717 332 1 49
47 -717 332 1 49
-------------8-------------
0 -4777 311 5 88
1 -3774 311 4 85
2 -2772 311 3 83
3 -1771 311 2 82
4 -1765 315 2 80
5 -1760 319 2 79
6 -1756 323 2 79
7 -1752 323 2 75
8 -1748 327 2 75
9 -1745 327 2 72
10 -1742 327 2 69
11 -1739 327 2 66
12 -1736 327 2 63
13 -1734 329 2 63
14 -1732 331 2 63
15 -1730 331 2 61
16 -1728 332 2 60
17 -1726 332 2 58
18 -1724 332 2 56
19 -1722 334 2 56
20 -1720 334 2 54
21 -725 334 1 59
22 -722 334 1 56
23 -721 334 1 55
24 278 334 0 56
25 280 334 0 54
26 281 334 0 53
27 282 334 0 52
28 283 336 0 53
29 284 336 0 52
30 285 336 0 51
31 286 336 0 50
32 287 336 0 49
33 288 336 0 48
34 289 336 0 47
35 290 336 0 46
36 291 336 0 45
37 291 336 0 45
38 291 336 0 45
-------------9-------------
0 -5812 295 6 107
1 -4806 298 5 104
2 -3801 298 4 99
3 -2800 298 3 98
4 -1799 298 2 97
5 -1790 302 2 92
6 -1784 305 2 89
7 -789 302 1 91
8 -784 306 1 90
9 -779 306 1 85
10 -774 310 1 84
11 -769 310 1 79
12 230 312 0 82
13 235 316 0 81
14 239 320 0 81
15 243 322 0 79
16 247 326 0 79
17 250 330 0 80
18 253 330 0 77
19 255 330 0 75
20 257 330 0 73
21 259 330 0 71
22 262 331 0 69
23 264 331 0 67
24 266 331 0 65
25 268 331 0 63
26 270 331 0 61
27 272 331 0 59
28 274 331 0 57
29 275 332 0 57
30 276 333 0 57
31 277 333 0 56
32 278 333 0 55
33 279 333 0 54
34 281 333 0 52
35 282 333 0 51
36 283 333 0 50
37 284 333 0 49
38 285 333 0 48
39 286 333 0 47
40 287 333 0 46
41 288 333 0 45
42 289 333 0 44
43 290 333 0 43
44 291 334 0 43
45 292 334 0 42
46 293 334 0 41
47 294 334 0 40
48 295 334 0 39
49 295 334 0 39
50 295 334 0 39
-------------10-------------
0 -1804 284 2 88
1 -1797 288 2 85
2 -1791 292 2 83
3 -1787 296 2 83
4 -1781 300 2 81
5 -1776 304 2 80
6 -1772 308 2 80
7 -1768 310 2 78
8 -1764 313 2 77
9 -1761 315 2 76
10 -1758 318 2 76
11 -1755 318 2 73
12 -1752 321 2 73
13 -1749 321 2 70
14 -1746 321 2 67
15 -749 321 1 70
16 -747 321 1 68
17 -745 323 1 68
18 -743 323 1 66
19 -741 323 1 64
20 -739 323 1 62
21 -737 326 1 63
22 -732 330 1 62
23 -731 330 1 61
24 -730 330 1 60
25 -729 330 1 59
26 -728 330 1 58
27 -727 330 1 57
28 -726 330 1 56
29 -725 330 1 55
30 -724 330 1 54
31 -723 330 1 53
32 -722 330 1 52
33 -721 330 1 51
34 -720 330 1 50
35 -719 330 1 49
36 -718 330 1 48
37 -717 330 1 47
38 -716 330 1 46
39 -715 330 1 45
40 -714 330 1 44
41 -714 330 1 44
42 -714 330 1 44
