-------------1-------------
0 -6794 284 7 78
1 -5796 284 6 80
2 -5792 288 6 80
3 -5788 292 6 80
4 -5786 292 6 78
5 -5784 294 6 78
6 -5782 297 6 79
7 -5780 299 6 79
8 -5779 299 6 78
9 -5779 299 6 78
10 -5779 299 6 78
-------------2-------------
0 -5786 300 6 86
1 -5784 300 6 84
2 -4781 301 5 82
3 -4780 301 5 81
4 -4779 301 5 80
5 -3780 301 4 81
6 -3779 301 4 80
7 -3777 301 4 78
8 -3775 303 4 78
9 -3775 303 4 78
10 -3775 303 4 78
-------------3-------------
0 -3801 287 4 88
1 -3799 287 4 86
2 -3797 287 4 84
3 -2803 285 3 88
4 -2802 285 3 87
5 -2802 285 3 87
6 -2802 285 3 87
-------------4-------------
0 -5781 308 6 89
1 -4781 308 5 89
2 -3781 308 4 89
3 -3779 308 4 87
4 -3778 308 4 86
5 -3777 308 4 85
6 -3777 308 4 85
7 -3777 308 4 85
-------------5-------------
0 -3789 291 4 80
1 -2793 289 3 82
2 -2790 293 3 83
3 -2788 293 3 81
4 -2786 293 3 79
5 -2784 293 3 77
6 -2782 297 3 79
7 -2781 297 3 78
8 -1782 297 2 79
9 -1781 297 2 78
10 -1780 297 2 77
11 -1780 297 2 77
12 -1780 297 2 77
-------------6-------------
0 -3793 293 4 86
1 -3792 293 4 85
2 -3791 293 4 84
3 -3790 293 4 83
4 -3790 293 4 83
5 -3790 293 4 83
-------------7-------------
0 -6809 287 7 96
1 -5804 291 6 95
2 -5797 295 6 92
3 -5791 299 6 90
4 -5786 303 6 89
5 -4790 299 5 89
6 -4785 303 5 88
7 -4781 306 5 87
8 -4778 306 5 84
9 -4775 306 5 81
10 -3774 307 4 81
11 -3772 307 4 79
12 -3770 309 4 79
13 -3769 309 4 78
14 -3767 309 4 76
15 -3766 309 4 75
16 -3766 309 4 75
17 -3766 309 4 75
-------------8-------------
0 -5805 279 6 84
1 -4805 279 5 84
2 -3805 279 4 84
3 -3804 279 4 83
4 -3804 279 4 83
5 -3804 279 4 83
-------------9-------------
0 -8801 292 9 93
1 -7804 292 8 96
2 -7801 291 8 92
3 -7797 295 8 92
4 -7795 295 8 90
5 -7793 295 8 88
6 -7790 299 8 89
7 -7789 299 8 88
8 -7789 299 8 88
9 -7789 299 8 88
-------------10-------------
0 -7774 302 8 76
1 -5774 302 6 76
2 -4774 302 5 76
3 -4772 302 5 74
4 -4770 302 5 72
5 -4768 302 5 70
6 -4768 302 5 70
7 -4768 302 5 70
