-------------1-------------
0 -2780 297 3 77
1 -1778 299 2 77
2 -1770 305 2 75
3 -1765 309 2 74
4 -1761 313 2 74
5 -1757 317 2 74
6 -1754 320 2 74
7 -1751 321 2 72
8 -1749 321 2 70
9 -1747 321 2 68
10 -1745 321 2 66
11 -1743 321 2 64
12 -1742 321 2 63
13 -1741 322 2 63
14 -1740 322 2 62
15 -1740 322 2 62
16 -1740 322 2 62
-------------2-------------
0 -3804 281 4 85
1 -2804 281 3 85
2 -2799 285 3 84
3 -2794 288 3 82
4 -2790 292 3 82
5 -2786 296 3 82
6 -2782 300 3 82
7 -2778 304 3 82
8 -2774 307 3 81
9 -2771 311 3 82
10 -2768 311 3 79
11 -2766 311 3 77
12 -2764 315 3 79
13 -2762 315 3 77
14 -2760 315 3 75
15 -2758 315 3 73
16 -2754 318 3 72
17 -2752 320 3 72
18 -2751 320 3 71
19 -2750 320 3 70
20 -2749 320 3 69
21 -2748 320 3 68
22 -1748 320 2 68
23 -1746 320 2 66
24 -1745 320 2 65
25 -1744 320 2 64
26 -1743 320 2 63
27 -1742 320 2 62
28 -1741 320 2 61
29 -1741 320 2 61
30 -1741 320 2 61
-------------3-------------
0 -4795 297 5 92
1 -2795 297 3 92
2 -1795 297 2 92
3 -1789 302 2 91
4 -1785 304 2 89
5 -1781 308 2 89
6 -1777 312 2 89
7 -1773 316 2 89
8 -1770 319 2 89
9 -1768 319 2 87
10 -1766 321 2 87
11 -1764 321 2 85
12 -1762 323 2 85
13 -1761 323 2 84
14 -1760 323 2 83
15 -1759 323 2 82
16 -1758 323 2 81
17 -1757 323 2 80
18 -1756 324 2 80
19 -1755 323 2 78
20 -1754 322 2 76
21 -1753 322 2 75
22 -1752 322 2 74
23 -1751 323 2 74
24 -1751 323 2 74
25 -1751 323 2 74
-------------4-------------
0 -5776 301 6 77
1 -4776 301 5 77
2 -3776 301 4 77
3 -2778 299 3 77
4 -2773 303 3 76
5 -2769 307 3 76
6 -2766 310 3 76
7 -2763 310 3 73
8 -2761 311 3 72
9 -2759 312 3 71
10 -2757 312 3 69
11 -2756 312 3 68
12 -2755 312 3 67
13 -2754 312 3 66
14 -2753 312 3 65
15 -2749 316 3 65
16 -2746 320 3 66
17 -2745 320 3 65
18 -2744 320 3 64
19 -2744 320 3 64
20 -2744 320 3 64
-------------5-------------
0 -8797 291 9 88
1 -7792 294 8 86
2 -6791 294 7 85
3 -5791 294 6 85
4 -4792 294 5 86
5 -3792 296 4 88
6 -2794 296 3 90
7 -2788 300 3 88
8 -2784 304 3 88
9 -2781 306 3 87
10 -2778 308 3 86
11 -2774 308 3 82
12 -2771 309 3 80
13 -2768 309 3 77
14 -2766 309 3 75
15 -2764 309 3 73
16 -2762 309 3 71
17 -2761 309 3 70
18 -2759 313 3 72
19 -2757 313 3 70
20 -2755 315 3 70
21 -1757 315 2 72
22 -1756 315 2 71
23 -1755 315 2 70
24 -1754 315 2 69
25 -1753 315 2 68
26 -1753 315 2 68
27 -1753 315 2 68
-------------6-------------
0 -3802 296 4 98
1 -2802 296 3 98
2 -1802 296 2 98
3 -1798 300 2 98
4 -1794 303 2 97
5 -1791 303 2 94
6 -1788 306 2 94
7 -1786 308 2 94
8 -1784 308 2 92
9 -1782 308 2 90
10 -1780 310 2 90
11 -1779 310 2 89
12 -1778 310 2 88
13 -1777 313 2 90
14 -1776 313 2 89
15 -1775 313 2 88
16 -1774 313 2 87
17 -1772 315 2 87
18 -1770 317 2 87
19 -1768 317 2 85
20 -1766 317 2 83
21 -1764 319 2 83
22 -1763 319 2 82
23 -1762 319 2 81
24 -1761 319 2 80
25 -1760 319 2 79
26 -1759 319 2 78
27 -1759 319 2 78
28 -1759 319 2 78
-------------7-------------
0 -11807 285 12 92
1 -8806 287 9 93
2 -6803 289 7 92
3 -5802 287 6 89
4 -5794 295 6 89
5 -5787 301 6 88
6 -5780 305 6 85
7 -5776 308 6 84
8 -5772 312 6 84
9 -5769 312 6 81
10 -5766 316 6 82
11 -5764 316 6 80
12 -5762 318 6 80
13 -5759 321 6 80
14 -5757 321 6 78
15 -5752 324 6 76
16 -5750 327 6 77
17 -5748 327 6 75
18 -5746 327 6 73
19 -5743 327 6 70
20 -4744 327 5 71
21 -4743 327 5 70
22 -4742 327 5 69
23 -4741 328 5 69
24 -4739 329 5 68
25 -4738 329 5 67
26 -4737 329 5 66
27 -4736 329 5 65
28 -4735 329 5 64
29 -4734 329 5 63
30 -4733 329 5 62
31 -3736 327 4 63
32 -3736 327 4 63
33 -3736 327 4 63
-------------8-------------
0 -1797 290 2 87
1 -1786 297 2 83
2 -1780 301 2 81
3 -786 297 1 83
4 -781 301 1 82
5 -776 305 1 81
6 -772 309 1 81
7 -768 313 1 81
8 -765 313 1 78
9 -762 316 1 78
10 -759 319 1 78
11 -756 322 1 78
12 -754 326 1 80
13 -753 326 1 79
14 -752 326 1 78
15 -751 326 1 77
16 -750 326 1 76
17 -749 328 1 77
18 -748 328 1 76
19 -747 328 1 75
20 -746 328 1 74
21 -744 332 1 76
22 -741 332 1 73
23 -740 332 1 72
24 -740 332 1 72
25 -740 332 1 72
-------------9-------------
0 -793 291 1 84
1 -787 297 1 84
2 -781 301 1 82
3 -777 304 1 81
4 -774 308 1 82
5 -771 312 1 83
6 -768 315 1 83
7 -766 317 1 83
8 -764 317 1 81
9 -762 319 1 81
10 -760 319 1 79
11 -758 319 1 77
12 -756 319 1 75
13 -755 319 1 74
14 -754 319 1 73
15 -753 319 1 72
16 -751 319 1 70
17 -750 319 1 69
18 -749 319 1 68
19 -748 319 1 67
20 -747 319 1 66
21 -746 319 1 65
22 -746 319 1 65
23 -746 319 1 65
-------------10-------------
0 -5785 302 6 87
1 -4784 302 5 86
2 -3783 302 4 85
3 -2782 302 3 84
4 -1781 302 2 83
5 -1774 306 2 80
6 -1768 311 2 79
7 -1762 315 2 77
8 -1758 318 2 76
9 -1755 318 2 73
10 -1753 319 2 72
11 -1751 322 2 73
12 -1750 323 2 73
13 -1749 323 2 72
14 -1748 323 2 71
15 -1747 325 2 72
16 -1746 325 2 71
17 -1745 325 2 70
18 -1744 325 2 69
19 -1744 325 2 69
20 -1744 325 2 69
