-------------1-------------
0 -5803 289 6 92
1 -5801 289 6 90
2 -5799 289 6 88
3 -5798 289 6 87
4 -5797 289 6 86
5 -5796 289 6 85
6 -5794 289 6 83
7 -5793 289 6 82
8 -5792 289 6 81
9 -5792 289 6 81
10 -5792 289 6 81
-------------2-------------
0 -1788 299 2 87
1 -1787 299 2 86
2 -1787 299 2 86
3 -1787 299 2 86
-------------3-------------
0 -7808 282 8 90
1 -7806 282 8 88
2 -7802 286 8 88
3 -7800 286 8 86
4 -7798 286 8 84
5 -7797 286 8 83
6 -7796 286 8 82
7 -7794 286 8 80
8 -6797 286 7 83
9 -6796 286 7 82
10 -6796 286 7 82
11 -6796 286 7 82
-------------4-------------
0 -6784 295 7 79
1 -6783 295 7 78
2 -6782 295 7 77
3 -6781 295 7 76
4 -6781 295 7 76
5 -6781 295 7 76
-------------5-------------
0 -9804 285 10 89
1 -9802 285 10 87
2 -9800 285 10 85
3 -9799 285 10 84
4 -9798 285 10 83
5 -9797 285 10 82
6 -9796 285 10 81
7 -9795 285 10 80
8 -9795 285 10 80
9 -9795 285 10 80
-------------6-------------
0 -6794 287 7 81
1 -6790 289 7 79
2 -6789 289 7 78
3 -6788 289 7 77
4 -6787 289 7 76
5 -6786 289 7 75
6 -6785 289 7 74
7 -6785 289 7 74
8 -6785 289 7 74
-------------7-------------
0 -8789 301 9 90
1 -8788 301 9 89
2 -8787 301 9 88
3 -8786 301 9 87
4 -8785 301 9 86
5 -8784 301 9 85
6 -8783 301 9 84
7 -8782 301 9 83
8 -8782 301 9 83
9 -8782 301 9 83
-------------8-------------
0 -5798 297 6 95
1 -5790 300 6 90
2 -5789 300 6 89
3 -5788 300 6 88
4 -5788 300 6 88
5 -5788 300 6 88
-------------9-------------
0 -1800 289 2 89
1 -1799 289 2 88
2 -1799 289 2 88
3 -1799 289 2 88
-------------10-------------
0 -6793 291 7 84
1 -5792 291 6 83
2 -4793 291 5 84
3 -4790 292 5 82
4 -4789 292 5 81
5 -4788 292 5 80
6 -4787 292 5 79
7 -4787 292 5 79
8 -4787 292 5 79
