-------------1-------------
0 -7790 293 8 83
1 -5792 293 6 85
2 -4789 293 5 82
3 -3787 293 4 80
4 -2786 293 3 79
5 -1786 293 2 79
6 -1782 297 2 79
7 -1779 298 2 77
8 -1776 298 2 74
9 -1773 302 2 75
10 -1771 302 2 73
11 -1769 304 2 73
12 -1767 304 2 71
13 -766 304 1 70
14 -764 307 1 71
15 -760 310 1 70
16 -758 310 1 68
17 -757 310 1 67
18 -756 310 1 66
19 -754 310 1 64
20 -752 310 1 62
21 -751 310 1 61
22 -750 310 1 60
23 -749 310 1 59
24 -745 314 1 59
25 -744 314 1 58
26 -743 314 1 57
27 -742 314 1 56
28 -741 314 1 55
29 -740 314 1 54
30 -739 314 1 53
31 -738 314 1 52
32 -737 314 1 51
33 -736 314 1 50
34 -735 314 1 49
35 -735 314 1 49
36 -735 314 1 49
-------------2-------------
0 -6807 286 7 93
1 -5805 286 6 91
2 -4803 286 5 89
3 -3802 286 4 88
4 -3798 289 4 87
5 -3794 293 4 87
6 -3790 293 4 83
7 -3785 297 4 82
8 -3782 299 4 81
9 -3779 303 4 82
10 -3776 306 4 82
11 -3774 306 4 80
12 -3771 306 4 77
13 -3768 310 4 78
14 -3766 310 4 76
15 -3764 310 4 74
16 -3762 310 4 72
17 -3760 310 4 70
18 -3758 310 4 68
19 -2760 310 3 70
20 -2758 310 3 68
21 -2756 310 3 66
22 -2754 310 3 64
23 -2752 310 3 62
24 -1754 310 2 64
25 -1753 310 2 63
26 -1752 310 2 62
27 -1751 310 2 61
28 -1750 310 2 60
29 -1749 310 2 59
30 -1747 310 2 57
31 -1746 310 2 56
32 -1745 310 2 55
33 -1744 310 2 54
34 -1743 310 2 53
35 -1742 310 2 52
36 -744 310 1 54
37 -743 314 1 57
38 -742 314 1 56
39 -741 314 1 55
40 -740 314 1 54
41 -739 314 1 53
42 -738 314 1 52
43 -738 314 1 52
44 -738 314 1 52
-------------3-------------
0 -3805 275 4 80
1 -2803 276 3 79
2 -1802 278 2 80
3 -803 278 1 81
4 -797 282 1 79
5 -791 285 1 76
6 -786 289 1 75
7 -781 293 1 74
8 -777 297 1 74
9 -773 301 1 74
10 -770 304 1 74
11 -767 304 1 71
12 -764 304 1 68
13 -761 306 1 67
14 -758 308 1 66
15 -756 308 1 64
16 -753 312 1 65
17 -751 312 1 63
18 -749 314 1 63
19 -747 314 1 61
20 -745 316 1 61
21 -743 316 1 59
22 -742 316 1 58
23 -739 320 1 59
24 -738 320 1 58
25 -737 321 1 58
26 -736 321 1 57
27 -734 321 1 55
28 -733 322 1 55
29 -732 322 1 54
30 -731 322 1 53
31 -730 322 1 52
32 -729 323 1 52
33 -728 323 1 51
34 -728 323 1 51
35 -728 323 1 51
-------------4-------------
0 -7789 296 8 85
1 -5790 296 6 86
2 -3791 296 4 87
3 -2784 300 3 84
4 -1784 300 2 84
5 -785 300 1 85
6 -780 304 1 84
7 -776 308 1 84
8 -773 310 1 83
9 -770 311 1 81
10 -767 311 1 78
11 -765 311 1 76
12 -763 315 1 78
13 -761 315 1 76
14 -759 317 1 76
15 -753 321 1 74
16 -750 321 1 71
17 -748 321 1 69
18 -746 321 1 67
19 -744 325 1 69
20 -742 326 1 68
21 -740 326 1 66
22 -739 326 1 65
23 -738 326 1 64
24 -737 326 1 63
25 -736 326 1 62
26 -735 327 1 62
27 -734 327 1 61
28 -732 327 1 59
29 -731 327 1 58
30 -730 327 1 57
31 -729 327 1 56
32 -728 327 1 55
33 -727 327 1 54
34 -727 327 1 54
35 -727 327 1 54
-------------5-------------
0 -2782 304 3 86
1 -1786 300 2 86
2 -1780 304 2 84
3 -1775 307 2 82
4 -1771 311 2 82
5 -1767 315 2 82
6 -1765 315 2 80
7 -1763 316 2 79
8 -1761 316 2 77
9 -1759 320 2 79
10 -1757 320 2 77
11 -1755 321 2 76
12 -1752 321 2 73
13 -1751 321 2 72
14 -750 321 1 71
15 -749 321 1 70
16 -746 323 1 69
17 -745 323 1 68
18 -744 323 1 67
19 -743 323 1 66
20 -742 323 1 65
21 -741 323 1 64
22 -740 323 1 63
23 -739 324 1 63
24 -738 325 1 63
25 -737 325 1 62
26 -736 325 1 61
27 -735 325 1 60
28 -735 325 1 60
29 -735 325 1 60
-------------6-------------
0 -4792 294 5 86
1 -3790 294 4 84
2 -2787 294 3 81
3 -1788 294 2 82
4 -1784 298 2 82
5 -1780 302 2 82
6 -1777 304 2 81
7 -1774 307 2 81
8 -1771 307 2 78
9 -1769 307 2 76
10 -1767 311 2 78
11 -1765 315 2 80
12 -1763 315 2 78
13 -1761 315 2 76
14 -1758 315 2 73
15 -1756 315 2 71
16 -1754 315 2 69
17 -1753 315 2 68
18 -1752 315 2 67
19 -1751 315 2 66
20 -1750 315 2 65
21 -1749 316 2 65
22 -1748 316 2 64
23 -1747 316 2 63
24 -1745 316 2 61
25 -1744 316 2 60
26 -1743 316 2 59
27 -1742 317 2 59
28 -1741 317 2 58
29 -1740 317 2 57
30 -1738 317 2 55
31 -1737 317 2 54
32 -1736 317 2 53
33 -1735 317 2 52
34 -1734 317 2 51
35 -1733 317 2 50
36 -1732 317 2 49
37 -1731 317 2 48
38 -1731 317 2 48
39 -1731 317 2 48
-------------7-------------
0 -5802 288 6 90
1 -4800 288 5 88
2 -3799 289 4 88
3 -2798 289 3 87
4 -1798 289 2 87
5 -1792 293 2 85
6 -1787 297 2 84
7 -1782 301 2 83
8 -1778 305 2 83
9 -1774 309 2 83
10 -1771 309 2 80
11 -1768 309 2 77
12 -1765 312 2 77
13 -1763 314 2 77
14 -1760 314 2 74
15 -1758 314 2 72
16 -1756 314 2 70
17 -1754 317 2 71
18 -1752 317 2 69
19 -1750 319 2 69
20 -1748 320 2 68
21 -1746 321 2 67
22 -1744 321 2 65
23 -1743 321 2 64
24 -1742 321 2 63
25 -1741 321 2 62
26 -1740 321 2 61
27 -1739 321 2 60
28 -744 317 1 61
29 -743 317 1 60
30 -742 317 1 59
31 -740 317 1 57
32 -736 321 1 57
33 -734 323 1 57
34 -732 323 1 55
35 -731 323 1 54
36 -730 323 1 53
37 -729 323 1 52
38 -729 323 1 52
39 -729 323 1 52
-------------8-------------
0 -799 294 1 93
1 -792 298 1 90
2 -786 302 1 88
3 -780 306 1 86
4 -776 306 1 82
5 -772 306 1 78
6 -769 309 1 78
7 -766 312 1 78
8 -763 315 1 78
9 -761 315 1 76
10 -759 315 1 74
11 -757 315 1 72
12 -755 315 1 70
13 -753 315 1 68
14 -751 315 1 66
15 -749 317 1 66
16 -747 317 1 64
17 -745 317 1 62
18 -742 321 1 63
19 -740 321 1 61
20 -738 321 1 59
21 -737 321 1 58
22 -736 321 1 57
23 -735 321 1 56
24 -734 322 1 56
25 -733 322 1 55
26 -732 322 1 54
27 -731 322 1 53
28 -730 322 1 52
29 -728 322 1 50
30 -728 322 1 50
31 -728 322 1 50
-------------9-------------
0 -6788 299 7 87
1 -5784 302 6 86
2 -4784 302 5 86
3 -3786 302 4 88
4 -3781 306 4 87
5 -3776 306 4 82
6 -3772 309 4 81
7 -3769 309 4 78
8 -2769 309 3 78
9 -1772 309 2 81
10 -1769 309 2 78
11 -1767 309 2 76
12 -1765 309 2 74
13 -1763 309 2 72
14 -1761 311 2 72
15 -1760 312 2 72
16 -1758 316 2 74
17 -1756 316 2 72
18 -1755 316 2 71
19 -1754 316 2 70
20 -1753 316 2 69
21 -1752 316 2 68
22 -1751 316 2 67
23 -1750 316 2 66
24 -1749 316 2 65
25 -1748 316 2 64
26 -1747 316 2 63
27 -1746 316 2 62
28 -1745 316 2 61
29 -1744 316 2 60
30 -1743 316 2 59
31 -1742 317 2 59
32 -1741 317 2 58
33 -1740 317 2 57
34 -1739 317 2 56
35 -1735 321 2 56
36 -1734 321 2 55
37 -1733 321 2 54
38 -736 321 1 57
39 -735 321 1 56
40 -734 321 1 55
41 -734 321 1 55
42 -734 321 1 55
-------------10-------------
0 -4814 280 5 94
1 -3812 280 4 92
2 -2812 280 3 92
3 -1813 280 2 93
4 -1806 284 2 90
5 -1801 287 2 88
6 -1797 289 2 86
7 -1792 293 2 85
8 -1789 293 2 82
9 -1786 296 2 82
10 -785 296 1 81
11 -782 296 1 78
12 -779 300 1 79
13 -776 303 1 79
14 -773 303 1 76
15 -770 306 1 76
16 -767 308 1 75
17 -763 311 1 74
18 -760 315 1 75
19 -758 315 1 73
20 -756 319 1 75
21 -753 319 1 72
22 -751 319 1 70
23 -749 319 1 68
24 -748 319 1 67
25 -747 319 1 66
26 -746 319 1 65
27 -745 319 1 64
28 -744 319 1 63
29 -743 319 1 62
30 -741 319 1 60
31 -738 323 1 61
32 -737 323 1 60
33 -736 323 1 59
34 -735 323 1 58
35 -734 323 1 57
36 -733 323 1 56
37 -732 325 1 57
38 -731 325 1 56
39 -730 325 1 55
40 -729 327 1 56
41 -727 327 1 54
42 -726 327 1 53
43 -725 327 1 52
44 -725 327 1 52
45 -725 327 1 52
